## Reference optimisation
code:bash ReferenceOpt.sh 2 3 2 3 PE 20 

## cat kopt.data
2 2 0.80 15727
2 2 0.82 15750
2 2 0.84 15764
2 2 0.86 15780
2 2 0.88 15789
2 2 0.90 15799
2 2 0.92 15856
2 2 0.94 15905
2 2 0.96 15949
2 2 0.98 16008
2 3 0.80 3624
2 3 0.82 3628
2 3 0.84 3636
2 3 0.86 3641
2 3 0.88 3642
2 3 0.90 3643
2 3 0.92 3657
2 3 0.94 3663
2 3 0.96 3670
2 3 0.98 3680
3 2 0.80 3256
3 2 0.82 3263
3 2 0.84 3267
3 2 0.86 3275
3 2 0.88 3276
3 2 0.90 3278
3 2 0.92 3286
3 2 0.94 3292
3 2 0.96 3303
3 2 0.98 3321
3 3 0.80 784
3 3 0.82 785
3 3 0.84 788
3 3 0.86 794
3 3 0.88 794
3 3 0.90 794
3 3 0.92 796
3 3 0.94 797
3 3 0.96 799
3 3 0.98 806

## Reference mapping
code: RefMapOpt.sh 2 5 2 5 0.9 64 PE

cat mapping results
Cov	 Non0Cov	Contigs	MeanContigsMapped	K1	K2	SUM Mapped	SUM Properly	Mean Mapped	Mean Properly	MisMatched
2.3942	9.04855		15799	3734			2	2	756569		558785		37828.4		27939.2		1587.75
6.80915	16.6612		3643	1240.9			2	3	496251		289914		24812.5		14495.7		1346.65
14.186	25.2084		1309	578.95			2	4	371672		227082		18583.6		11354.1		484.65
18.9833	29.1369		649	344.25			2	5	246783		201756		12339.1		10087.8		308.8
8.2135	21.4704		3278	1027.3			3	2	538641		327555		26932		16377.8		1404.05
21.4129	40.2085		794	386.15			3	3	340465		198543		17023.2		9927.15		1045.6
30.7383	42.1839		402	231.25			3	4	247751		162866		12387.5		8143.3		155.7
39.7698	50.6013		261	161.95			3	5	208394		141283		10419.7		7064.15		93.9
16.1042	36.8546		1435	518.4			4	2	462513		311440		23125.7		15572		805.85
28.1125	40.7359		379	214.4			4	3	213655		164758		10682.8		8237.9		163.8
46.4178	57.5973		229	145.15			4	4	213522		141249		10676.1		7062.45		131.6
59.1123	69.8325		166	110.55			4	5	197435		126304		9871.75		6315.2		105.2
24.1418	53.1354		900	345.85			5	2	435036		282666		21751.8		14133.3		687.2
41.7581	55.7342		255	153.85			5	3	213801		133448		10690		6672.4		125
59.7233	70.7941		164	110.35			5	4	197087		117432		9854.35		5871.6		95.8
79.1957	88.8516		115	82.85			5	5	183734		114646		9186.7		5732.3		49.8




## cut off value selected to remake reference
code: bash remake_reference.sh 2 2 0.90 PE 2


## Total number of contigs in the reference assembly
15799

##   

